
     10.      5.      9.      5.     9.      9.      5.      9.      10.     8.       8.     5.     9.      7.      9.       9.      10.     5.       7.      8.
      5.     10.      6.      9.     4.      6.      9.      5.       5.     3.       3.     10.    3.      1.      3.       6.       5.     0.       2.      3.
      9.      6.     10.      6.     8.     10.      6.     10.       9.     7.       7.     6.     8.      6.      8.      10.       9.     4.       6.      7.
      5.      9.      6.     10.     5.      6.      10.     6.       5.     3.       3.     9.     4.      2.      4.       7.       5.     1.       3.      4.
      9.      4.      8.      5.     10.     8.      5.      8.       9.     9.       9.     4.    10.      8.      9.       8.       9.     6.       8.      9.
      9.      6.     10.      6.      8.     10.     6.     10.       9.     7.       7.     6.     8.      6.      8.      10.       9.     4.       6.      7.
      5.      9.      6.     10.      5.      6.     10.     6.       5.     3.       3.     9.     4.      2.      4.      7.        5.     1.       3.      4.
      9.      5.     10.      6.      8.     10.      6.     10.      9.     7.       7.     5.     8.      6.      8.      10.       9.     5.       6.      8.
     10.      5.      9.      5.      9.      9.      5.      9.     10.     8.       8.     5.     9.      7.      9.       9.      10.     5.       7.      8.            
      8.      3.      7.      3.      9.      7.      3.      7.      8.     10.     10.     3.     9.      9.      9.       7.       8.     8.       9.     10.
      8.      3.      7.      3.      9.      7.      3.      7.      8.     10.     10.     3.     9.      9.      9.       7.       8.     8.       9.     10.
      5.     10.      6.      9.      4.      6.      9.      5.      5.      3.      3.     10.    3.      1.      3.       6.       5.     0.       2.      3.
      9.      3.      8.      4.     10.      8.      4.      8.      9.      9.      9.      3.     10.    8.      10.      8.       9.     7.       8.      10.
      7.      1.      6.      2.      8.      6.      2.      6.      7.      9.      9.      1.      8.     10.    8.       6.       7.     9.      10.      8.
      9.      3.      8.      4.      9.      8.      4.      8.      9.      9.      9.      3.     10.      8.     10.     7.       8.     7.       9.      10.
      9.      6.     10.      7.      8.     10.      7.     10.      9.      7.      7.      6.      8.      6.      7.     10.      9.     4.       6.      7.
     10.      5.      9.      5.      9.      9.      5.      9.     10.      8.      8.      5.      9.      7.      8.      9.     10.     5.       7.      8.
      5.      0.      4.      1.      6.      4.      1.      5.      5.      8.      8.      0.      7.      9.      7.      4.      5.     10.      8.      7.
      7.      2.      6.      3.      8.      6.      3.      6.      7.      9.      9.      2.      8.     10.      9.      6.      7.      8.     10.      9.
      8.      3.      7.      4.      9.      7.      4.      8.      8.     10.     10.      3.     10.      8.     10.      7.      8.      7.      9.     10.

